63
46
58
80
20
90
48
77
48
82
75
82
31
19
90
88
60
25
61
39
94
54
59
27
55
4
17
97
66
2
68
38
21
62
68
18
77
86
4
39
27
47
80
52
92
11
29
38
69
22
74
99
87
69
1
87
99
36
59
92
57
78
93
10
73
56
15
80
97
22
22
55
30
61
84
80
65
88
81
12
33
21
99
78
15
74
36
90
22
4
14
40
49
76
9
92
69
44
79
2
25
71
86
78
54
90
87
28
38
17
98
51
1
50
47
96
45
10
42
40
56
100
16
48
38
99
65
21
63
55
59
93
23
38
73
57
33
90
94
45
65
17
10
38
59
24
12
73
52
94
7
40
82
42
48
45
64
3
94
97
71
38
75
60
60
55
92
99
0
74
91
33
31
63
17
1
75
7
1
13
15
71
26
71
52
68
3
11
93
97
11
16
86
64
30
100
63
23
80
86
0
63
66
50
69
97
14
22
57
34
98
90
50
94
98
71
8
64
8
42
25
75
91
18
17
73
2
39
71
78
81
64
65
93
10
21
35
53
2
7
35
51
75
74
56
23
12
91
74
33
17
73
5
0
39
9
19
74
15
37
79
26
50
0
93
31
15
73
52
19
90
29
13
18
23
32
5
60
18
7
85
55
82
75
19
100
84
63
38
77
72
86
96
25
97
39
36
25
16
5
29
67
56
80
1
16
8
72
50
19
90
72
69
79
17
67
25
49
40
8
69
10
91
88
46
94
69
11
73
54
94
56
71
54
53
64
83
57
98
47
67
82
39
81
49
28
84
90
87
60
9
40
16
12
9
17
49
32
82
85
6
61
37
91
46
43
33
36
32
75
88
71
78
84
60
1
36
49
27
19
48
70
77
29
21
6
99
88
49
5
41
6
40
41
33
48
47
88
46
100
